
LAMDTOT= 0.0182 0.1399 0.4379 TC= 6.3192 OMEGA= 361.7900 1578.0000 NEF = 2.5224          6.19999991      119.16399502        2.31998747
LAMDTOT= 0.0168 0.1357 0.4238 TC= 5.0333 OMEGA= 340.1700 1578.0000 NEF = 2.6014          6.29999992      125.02349494        1.95743305
LAMDTOT= 0.0156 0.1315 0.4102 TC= 3.9781 OMEGA= 319.8900 1578.0000 NEF = 2.6839          6.39999992      131.07199487        1.64681222

